# i | ornek | etiket | sw_fc | sw_argmax | kosim_argmax | logit_maxdiff
  0 | yes_real       | yes     | [-50, -5, 121, -4]   | 2 | 2 | 0
  1 | no_real        | no      | [-61, 37, -13, 68]   | 3 | 3 | 0
  2 | syn_yes        | -       | [-128, 97, 112, 87]  | 2 | 2 | 0
  3 | syn_no         | -       | [-128, 111, 70, 127] | 3 | 3 | 0
  4 | syn_unknown    | -       | [-128, 90, 86, 82]   | 1 | 1 | 0
  5 | syn_silence    | -       | [14, 14, 14, 14]     | 0 | 0 | 0
  6 | yes_noise4     | -       | [-51, -4, 122, -5]   | 2 | 2 | 0
  7 | no_noise4      | -       | [-61, 38, -12, 67]   | 3 | 3 | 0
  8 | yes_noise8     | -       | [-49, -4, 121, -5]   | 2 | 2 | 0
  9 | no_noise8      | -       | [-61, 36, -11, 65]   | 3 | 3 | 0
 10 | yes_noise16    | -       | [-52, -3, 122, -4]   | 2 | 2 | 0
 11 | no_noise16     | -       | [-68, 36, -6, 69]    | 3 | 3 | 0
 12 | yes_tshift+1   | -       | [-63, 5, 127, 3]     | 2 | 2 | 0
 13 | no_tshift+1    | -       | [-75, 40, -9, 78]    | 3 | 3 | 0
 14 | yes_fshift+1   | -       | [-128, 127, 127, 74] | 1 | 1 | 0
 15 | no_fshift+1    | -       | [-128, 127, 72, 127] | 1 | 1 | 0
 16 | yes_tshift-1   | -       | [-45, -10, 116, -6]  | 2 | 2 | 0
 17 | no_tshift-1    | -       | [-50, 34, -21, 69]   | 3 | 3 | 0
 18 | yes_fshift-1   | -       | [-128, 116, 127, 87] | 2 | 2 | 0
 19 | no_fshift-1    | -       | [-128, 127, 70, 127] | 1 | 1 | 0
 20 | mix_yes25      | -       | [-48, 22, 12, 56]    | 3 | 3 | 0
 21 | mix_yes50      | -       | [-41, 9, 50, 37]     | 2 | 2 | 0
 22 | mix_yes75      | -       | [-43, 0, 89, 14]     | 2 | 2 | 0
 23 | yes_scale05    | -       | [-116, 29, 90, 45]   | 2 | 2 | 0
 24 | no_scale05     | -       | [-128, 50, 39, 82]   | 3 | 3 | 0
 25 | yes_scale15    | -       | [-63, -3, 127, 0]    | 2 | 2 | 0
 26 | no_scale15     | -       | [-64, 38, -21, 73]   | 3 | 3 | 0
 27 | gauss0         | -       | [-128, 81, 79, 114]  | 3 | 3 | 0
 28 | gauss1         | -       | [-128, 74, 85, 96]   | 3 | 3 | 0
 29 | gauss2         | -       | [-128, 77, 87, 102]  | 3 | 3 | 0
 30 | gauss3         | -       | [-113, 35, 60, 37]   | 2 | 2 | 0
 31 | gauss4         | -       | [-106, 40, 50, 47]   | 2 | 2 | 0
 32 | uniform0       | -       | [-128, 88, 118, 125] | 3 | 3 | 0
 33 | uniform1       | -       | [-128, 110, 114, 92] | 2 | 2 | 0
 34 | uniform2       | -       | [-128, 89, 90, 67]   | 2 | 2 | 0
 35 | const_m128     | -       | [14, 14, 14, 14]     | 0 | 0 | 0
 36 | const_0        | -       | [-128, 76, 77, 114]  | 3 | 3 | 0
 37 | const_127      | -       | [-128, 127, 127, 127] | 1 | 1 | 0
 38 | checker        | -       | [127, -85, -75, -14] | 0 | 0 | 0
 39 | ramp           | -       | [-128, 79, 36, 40]   | 1 | 1 | 0
